86.39121
19.52433
34.22215
69.3015
28.44598
28.82974
72.07492
52.58222
36.32178
3.16802
90.09258
11.98818
82.62259
34.57846
90.7845
77.53269
12.53358
97.01247
60.37576
79.61703
89.48285
49.62116
37.1436
51.12409
28.31142
2.96558
83.79151
27.32234
5.0473
18.16058
65.63729
64.69758
67.65727
86.0687
75.38754
25.45378
98.6958
76.89312
19.96383
26.73231
16.37157
58.03819
17.73219
60.64188
65.42525
76.76817
34.06063
40.27031
38.6706
81.27434
79.13793
92.81233
94.61468
70.68676
15.99581
10.66813
55.2788
55.99614
14.88817
98.37848
17.93632
18.65066
21.433
91.05928
10.4288
98.29308
17.22898
69.45197
32.08899
39.2288
51.73497
8.53854
50.94672
7.54153
37.14354
5.34275
5.78705
49.3998
58.59692
24.44132
41.80303
17.41928
61.54982
95.67104
11.92073
45.72304
42.98098
69.86859
43.97097
38.61749
43.07306
16.59774
35.90303
93.48343
81.69407
70.61899
10.50326
98.57099
24.11116
40.03025
33.43727
37.50674
81.07939
72.33988
3.43745
44.49747
15.76368
60.97123
7.4413
83.55114
77.77916
78.77708
70.2973
63.34493
30.47353
73.41512
29.99892
97.66005
53.03663
37.60384
29.21018
20.25847
98.37907
66.36958
69.05382
9.03531
45.53359
30.36137
97.74553
39.42263
67.73756
79.11414
98.18672
91.46475
63.90213
77.19437
9.23796
62.10802
66.13167
40.32134
3.85744
54.90783
36.32537
33.31791
33.73641
37.19406
19.19852
45.45619
36.90798
81.17703
14.51815
84.74129
19.43244
59.40539
83.71816
86.07688
12.02575
87.60789
76.18414
67.30022
71.86196
58.30039
36.12378
40.91674
88.71166
71.5631
53.48843
51.73063
72.34088
26.17724
38.07524
40.78898
5.42646
85.61337
7.64448
47.20043
56.83118
38.95925
6.53125
5.75784
62.73487
72.97548
66.35147
89.46658
97.80257
55.89435
33.57978
12.67941
80.64467
50.72333
39.0667
93.52815
58.82196
71.72953
41.35745
18.45512
91.68213
68.30671
17.50433
35.07139
56.6037
40.36597
46.01339
83.62882
16.99988
46.62725
53.21292
6.71715
25.65899
10.41581
3.14377
45.96458
54.97472
44.32438
77.46343
71.78456
64.847
19.55528
16.01225
6.71539
11.8814
14.7071
43.98404
94.51562
60.00862
17.44517
54.8651
6.59501
18.15399
62.08744
28.41638
61.42255
94.353
44.35794
22.05222
95.26698
99.86017
55.62072
46.36478
25.0734
75.57951
99.76071
59.9185
44.12694
21.47763
66.0002
12.4515
87.39565
67.16418
42.47097
26.5062
46.02493
26.19253
83.68702
96.08807
15.79468
69.28001
24.39584
96.51828
72.45279
64.66023
20.51599
61.46124
36.46963
54.89751
14.6193
24.50966
83.51486
95.17024
55.09453
44.82247
82.12436
46.08858
63.83694
4.03396
84.01877
27.68668
72.75517
46.93607
66.9065
77.89175
40.36753
12.3289
48.5811
9.47932
55.28953
9.1281
83.56406
21.16795
79.15562
98.88504
49.36241
32.00052
46.81007
33.31125
28.9616
12.19755
96.34695
62.12751
79.75641
15.38861
1.83472
65.12349
84.96773
70.54659
17.27992
72.83443
35.25367
53.55114
84.96738
61.00607
69.42292
50.35785
3.50986
67.45912
97.19078
81.08516
85.77821
99.88839
72.50606
78.38928
13.84369
36.24499
88.9127
29.10756
68.35813
24.02191
72.17659
4.42377
47.97043
45.7193
4.23781
83.52574
40.07774
25.41597
49.9551
48.14211
99.25925
50.93259
65.09747
55.35317
46.7725
3.91099
9.09865
91.04762
3.36021
71.90264
2.38874
52.24903
9.01855
20.77452
98.31741
69.35664
62.51953
74.26521
74.443
38.48781
49.10887
29.75825
75.08653
66.15609
73.55592
4.72799
78.47879
13.14616
30.66635
58.79525
83.17819
50.99196
90.4021
22.94674
54.72399
8.7437
8.68899
90.05097
5.51486
82.83077
1.04442
70.76316
98.64544
69.35358
94.53125
92.82563
68.30329
1.09399
20.29996
7.77924
93.90429
38.71061
23.87105
84.36537
71.93132
43.39908
48.74414
71.83946
54.69533
15.94259
97.33028
68.85057
34.27936
17.46303
61.62252
24.29486
34.74501
58.96989
38.9486
63.47179
34.56573
45.36664
42.64843
64.51031
11.34147
51.24379
4.01089
78.63103
44.52292
53.62837
9.32278
51.28287
65.74427
95.78518
37.78904
18.36567
1.01899
78.93481
23.91349
84.223
32.89764
9.74761
9.25372
62.47034
58.39857
5.09193
10.38188
55.08048
80.62914
44.13446
31.9787
82.23148
35.04347
29.72625
46.1116
22.43573
68.96026
32.25882
46.92198
93.58561
13.28626
43.01119
1.21462
73.96504
79.5179
19.94549
76.00437
11.39225
52.57207
17.15493
96.17395
28.70829
8.95447
27.62369
4.47223
97.71619
10.011
53.07616
79.00982
79.14762
14.75999
21.82849
70.89997
73.28654
94.54775
98.98937
89.13749
9.9161
23.57166
88.25139
22.30349
41.65825
5.91091
3.22596
44.83481
62.78453
81.43107
8.18676
55.85053
12.35116
1.98563
71.8877
75.40649
37.37228
20.85859
76.16849
47.17509
80.31786
98.1521
21.29348
85.32281
88.78217
26.14708
40.67243
52.7237
64.35585
45.00929
99.82616
52.31537
53.4266
3.70608
39.98635
60.71867
37.21876
67.74952
28.41378
95.69546
78.62659
55.68696
14.58577
89.1832
74.72233
70.12371
40.55674
51.06007
15.77037
19.32008
7.42577
26.32602
91.27733
25.71237
81.71771
83.66208
75.17626
75.82666
6.41939
88.40925
38.13656
23.40034
53.37704
90.67332
54.50298
28.76946
75.322
81.54315
34.89736
84.06711
12.08581
42.52084
65.34289
53.37112
41.44657
97.52898
57.46441
5.00836
83.49856
91.55654
58.48842
62.51044
10.85141
18.93385
11.4816
47.39822
33.93612
1.61232
93.88645
29.22235
58.44049
34.29018
35.22821
12.90261
31.45698
29.12433
75.20799
95.81053
8.5783
19.85094
67.69979
31.91166
89.06079
4.60134
80.13235
37.80301
33.8812
11.8043
57.16387
57.08681
99.09575
44.06598
65.22618
86.76094
3.8189
48.5242
85.44701
8.34127
53.0898
80.00284
67.73142
47.60777
60.55478
78.57309
98.5247
50.6937
80.19071
26.33836
94.81222
85.22032
95.21907
34.55196
69.32814
37.5457
96.75483
99.47483
46.34773
79.14815
11.69958
46.57667
86.4151
95.0299
17.34652
10.69773
3.02468
87.27259
41.96208
21.36535
81.98178
55.83086
16.5754
40.7648
16.61881
1.47353
25.0176
92.9901
44.25496
83.38578
77.97472
3.33673
30.51037
80.44092
88.89016
44.84162
34.76582
38.44187
47.63592
1.57856
62.90419
76.24215
75.07455
79.19694
69.53977
79.41121
66.48582
45.5996
4.15932
23.75513
49.44649
84.15018
81.6297
32.72344
17.25466
12.87944
42.54301
28.35234
90.83123
41.75268
85.42618
76.6628
29.11795
35.86003
74.07151
81.26093
88.96438
78.87225
79.03782
45.40298
48.82999
37.48089
13.53475
14.2816
31.35924
78.63771
53.65439
10.27654
44.12311
10.10568
7.88579
52.31607
62.72886
93.39791
7.83737
66.72261
93.6051
70.68501
37.08434
49.9088
75.1967
79.31156
20.50871
78.78131
88.05046
59.13947
21.02228
13.1126
78.02351
61.17692
63.34491
60.51165
39.45986
31.65442
47.82323
84.86367
44.51351
41.24617
74.26228
11.51502
32.12313
6.16455
57.1273
54.62363
7.76497
7.00819
86.83202
8.61812
1.92073
80.24697
60.55391
91.17745
15.68599
3.0271
43.10436
42.41651
89.87026
7.65152
98.12923
45.11785
31.51352
14.43986
5.15111
55.84428
19.65885
20.27222
85.75428
4.97252
19.47276
94.87178
95.10718
26.25701
69.3208
98.4674
90.68375
42.93023
95.08233
38.78316
44.91442
54.94034
45.20552
85.30224
84.08995
70.67461
73.52109
45.06553
18.72374
10.33085
61.44814
78.3048
67.89149
10.76007
16.01503
3.04251
52.89958
90.58135
73.91152
74.18111
8.86286
60.39083
93.15198
55.75758
62.04344
78.94704
58.03787
8.19498
94.75472
89.11667
84.24142
73.07221
20.23225
24.98518
35.63518
17.08696
72.81041
19.10936
3.24799
7.37457
55.22127
47.4914
74.44656
49.32152
16.42246
14.06604
99.87836
58.24519
83.14006
40.17637
19.4659
73.00049
41.91679
93.79931
3.81838
57.42167
34.68644
62.34602
96.15688
78.04099
85.53482
39.22419
23.20889
2.50515
97.9875
61.274
31.97063
16.8044
48.02297
71.82615
3.13018
7.6883
61.23144
40.43502
91.85791
34.26954
58.84235
17.72855
13.2332
21.87547
51.96675
72.69076
96.953
28.47643
43.54885
84.13902
5.0535
98.33103
94.06487
51.11159
55.2986
83.36246
94.85056
97.10508
93.73783
88.89516
97.18059
45.83949
24.23209
28.04653
54.99349
56.97204
83.1203
84.21199
10.94427
84.67567
84.66713
74.37984
74.83947
42.44693
71.4774
89.85597
23.0109
48.17949
98.97232
85.74214
15.16927
67.63054
31.85438
86.74657
30.11858
6.53768
94.63761
69.80946
89.42562
91.6658
84.73583
37.02444
19.59527
75.86084
9.98703
85.90094
66.39453
58.08475
39.78006
67.89279
62.46854
85.63908
90.43024
31.77126
72.36997
3.57174
96.38964
25.51602
52.53228
38.34071
34.24964
20.56915
71.03084
80.89377
47.62396
3.44813
86.88319
10.3836
70.82603
22.35389
35.23252
86.20892
67.68445
91.17655
72.83792
21.54077
28.68265
71.87671
6.35798
58.47454
96.35952
37.82423
81.29751
4.9776
96.17167
2.42827
50.09838
72.9812
87.27468
99.44492
82.04612
43.01966
90.17526
24.983
31.31423
38.06476
38.89168
11.59957
2.13495
79.43698
71.91582
29.90901
60.15679
90.32424
6.55835
49.1577
90.85271
72.15177
31.83142
24.72727
47.78717
97.411
92.05612
66.95582
14.87927
69.32349
12.16972
39.95131
57.62018
19.09377
26.24783
86.80007
95.007
44.27919
13.20585
65.11093
68.93174
16.59953
33.7604
8.67124
55.54717
89.98116
43.63984
98.81908
59.45679
40.34859
50.56552
63.87135
71.31733
20.91205
83.47364
50.84469
15.04786
36.44549
25.55583
57.5332
23.86162
96.11752
83.00181
34.88882
98.79312
71.83844
26.87748
55.93926
27.08723
58.01383
7.80008
88.77568
51.01647
14.3455
53.12405
48.15126
12.28945
96.05825
